批量去重分析结果
============================================================

cluster1:
          行数 |        累计去重数 |        新增去重数 |      累计单次key |      新增单次key
---------------------------------------------------------------------------
  10,000,000 |       17,780 |       17,780 |          101 |          101
  20,000,000 |       21,342 |        3,562 |           52 |          -49
  30,000,000 |       23,750 |        2,408 |           29 |          -23
  40,000,000 |       25,681 |        1,931 |           26 |           -3
  50,000,000 |       27,093 |        1,412 |           22 |           -4
  60,000,000 |       28,373 |        1,280 |           18 |           -4
  70,000,000 |       29,432 |        1,059 |           17 |           -1
  80,000,000 |       30,860 |        1,428 |           16 |           -1
  90,000,000 |       31,976 |        1,116 |           16 |            0
 100,000,000 |       32,817 |          841 |           16 |            0
 110,000,000 |       33,624 |          807 |           16 |            0
 120,000,000 |       34,641 |        1,017 |           16 |            0
 130,000,000 |       35,397 |          756 |           16 |            0
 140,000,000 |       36,074 |          677 |           16 |            0
 150,000,000 |       36,807 |          733 |           15 |           -1
 160,000,000 |       37,454 |          647 |           15 |            0
 170,000,000 |       38,030 |          576 |           15 |            0
 180,000,000 |       38,554 |          524 |           15 |            0
 190,000,000 |       39,053 |          499 |           15 |            0
 200,000,000 |       39,525 |          472 |           15 |            0
 210,000,000 |       39,977 |          452 |           13 |           -2
 220,000,000 |       40,442 |          465 |           13 |            0
 230,000,000 |       40,857 |          415 |           12 |           -1
 240,000,000 |       41,298 |          441 |           12 |            0
 250,000,000 |       41,710 |          412 |           12 |            0
 260,000,000 |       42,075 |          365 |           12 |            0
 270,000,000 |       42,452 |          377 |           11 |           -1
 280,000,000 |       43,206 |          754 |           10 |           -1
 290,000,000 |       43,746 |          540 |           10 |            0
 300,000,000 |       44,159 |          413 |           10 |            0
 310,000,000 |       44,522 |          363 |            9 |           -1
 320,000,000 |       44,992 |          470 |            9 |            0
 330,000,000 |       45,434 |          442 |            9 |            0
 340,000,000 |       45,797 |          363 |            8 |           -1
 350,000,000 |       46,157 |          360 |            8 |            0
 360,000,000 |       46,536 |          379 |            8 |            0
 370,000,000 |       46,931 |          395 |            8 |            0
 380,000,000 |       47,321 |          390 |            8 |            0
 390,000,000 |       47,859 |          538 |            7 |           -1
 400,000,000 |       48,341 |          482 |            7 |            0
 410,000,000 |       48,784 |          443 |            7 |            0
 420,000,000 |       49,176 |          392 |            7 |            0
 430,000,000 |       49,558 |          382 |            7 |            0
 440,000,000 |       49,932 |          374 |            8 |            1
 450,000,000 |       50,312 |          380 |            8 |            0
 460,000,000 |       50,681 |          369 |            8 |            0
 470,000,000 |       51,059 |          378 |            7 |           -1
 480,000,000 |       51,411 |          352 |            7 |            0
 490,000,000 |       51,751 |          340 |            7 |            0
 500,000,000 |       52,104 |          353 |            7 |            0
===========================================================================
最终去重数量: 52,104
只出现一次的key数量: 7
去重比例: 0.01%
单次key占去重数据比例: 0.01%

cluster13:
          行数 |        累计去重数 |        新增去重数 |      累计单次key |      新增单次key
---------------------------------------------------------------------------
  10,000,000 |    6,290,253 |    6,290,253 |    4,029,026 |    4,029,026
  20,000,000 |   12,594,212 |    6,303,959 |    8,090,007 |    4,060,981
  30,000,000 |   18,913,950 |    6,319,738 |   12,187,626 |    4,097,619
  40,000,000 |   25,210,602 |    6,296,652 |   16,275,062 |    4,087,436
  50,000,000 |   31,474,601 |    6,263,999 |   20,337,255 |    4,062,193
  60,000,000 |   37,676,885 |    6,202,284 |   24,325,125 |    3,987,870
  70,000,000 |   43,827,428 |    6,150,543 |   28,259,314 |    3,934,189
  80,000,000 |   49,990,737 |    6,163,309 |   32,209,942 |    3,950,628
  90,000,000 |   56,168,481 |    6,177,744 |   36,179,067 |    3,969,125
 100,000,000 |   62,363,452 |    6,194,971 |   40,155,309 |    3,976,242
 110,000,000 |   68,600,453 |    6,237,001 |   44,150,506 |    3,995,197
 120,000,000 |   74,863,988 |    6,263,535 |   48,159,325 |    4,008,819
 130,000,000 |   81,143,232 |    6,279,244 |   52,180,847 |    4,021,522
 140,000,000 |   87,439,772 |    6,296,540 |   56,247,950 |    4,067,103
 150,000,000 |   93,739,832 |    6,300,060 |   60,334,303 |    4,086,353
 160,000,000 |  100,019,663 |    6,279,831 |   64,408,584 |    4,074,281
 170,000,000 |  106,255,500 |    6,235,837 |   68,433,857 |    4,025,273
 180,000,000 |  112,418,592 |    6,163,092 |   72,373,547 |    3,939,690
 190,000,000 |  118,554,482 |    6,135,890 |   76,284,969 |    3,911,422
 200,000,000 |  124,712,851 |    6,158,369 |   80,220,612 |    3,935,643
 210,000,000 |  130,884,523 |    6,171,672 |   84,171,433 |    3,950,821
 220,000,000 |  137,084,067 |    6,199,544 |   88,136,759 |    3,965,326
 230,000,000 |  143,330,362 |    6,246,295 |   92,131,731 |    3,994,972
 240,000,000 |  149,588,069 |    6,257,707 |   96,129,406 |    3,997,675
 250,000,000 |  155,872,092 |    6,284,023 |  100,168,105 |    4,038,699
 260,000,000 |  162,174,345 |    6,302,253 |  104,250,841 |    4,082,736
 270,000,000 |  168,481,577 |    6,307,232 |  108,351,034 |    4,100,193
 280,000,000 |  174,762,195 |    6,280,618 |  112,431,585 |    4,080,551
 290,000,000 |  181,001,962 |    6,239,767 |  116,464,575 |    4,032,990
 300,000,000 |  187,171,923 |    6,169,961 |  120,426,974 |    3,962,399
 310,000,000 |  193,335,222 |    6,163,299 |  124,379,250 |    3,952,276
 320,000,000 |  199,520,461 |    6,185,239 |  128,358,546 |    3,979,296
 330,000,000 |  205,717,197 |    6,196,736 |  132,344,138 |    3,985,592
 340,000,000 |  211,958,890 |    6,241,693 |  136,356,983 |    4,012,845
 350,000,000 |  218,250,383 |    6,291,493 |  140,407,497 |    4,050,514
 360,000,000 |  224,567,293 |    6,316,910 |  144,487,709 |    4,080,212
 370,000,000 |  230,901,586 |    6,334,293 |  148,614,009 |    4,126,300
 380,000,000 |  237,263,807 |    6,362,221 |  152,783,891 |    4,169,882
 390,000,000 |  243,608,219 |    6,344,412 |  156,941,648 |    4,157,757
 400,000,000 |  249,930,319 |    6,322,100 |  161,077,466 |    4,135,818
 410,000,000 |  256,190,055 |    6,259,736 |  165,143,720 |    4,066,254
 420,000,000 |  262,414,678 |    6,224,623 |  169,175,717 |    4,031,997
 430,000,000 |  268,669,420 |    6,254,742 |  173,236,052 |    4,060,335
 440,000,000 |  274,929,521 |    6,260,101 |  177,301,407 |    4,065,355
 450,000,000 |  281,216,351 |    6,286,830 |  181,375,384 |    4,073,977
 460,000,000 |  287,521,786 |    6,305,435 |  185,451,872 |    4,076,488
 470,000,000 |  293,829,087 |    6,307,301 |  189,512,831 |    4,060,959
 480,000,000 |  300,143,089 |    6,314,002 |  193,596,065 |    4,083,234
 490,000,000 |  306,476,651 |    6,333,562 |  197,725,031 |    4,128,966
 500,000,000 |  312,805,167 |    6,328,516 |  201,858,991 |    4,133,960
===========================================================================
最终去重数量: 312,805,167
只出现一次的key数量: 201,858,991
去重比例: 62.56%
单次key占去重数据比例: 64.53%

cluster37:
          行数 |        累计去重数 |        新增去重数 |      累计单次key |      新增单次key
---------------------------------------------------------------------------
  10,000,000 |    3,135,786 |    3,135,786 |      509,903 |      509,903
  20,000,000 |    6,300,971 |    3,165,185 |    1,069,513 |      559,610
  30,000,000 |    9,366,626 |    3,065,655 |    1,583,333 |      513,820
  40,000,000 |   12,434,286 |    3,067,660 |    2,104,740 |      521,407
  50,000,000 |   15,271,650 |    2,837,364 |    2,566,022 |      461,282
  60,000,000 |   18,048,335 |    2,776,685 |    2,996,619 |      430,597
  70,000,000 |   20,740,029 |    2,691,694 |    3,412,450 |      415,831
  80,000,000 |   23,494,853 |    2,754,824 |    3,845,224 |      432,774
  90,000,000 |   26,197,724 |    2,702,871 |    4,266,619 |      421,395
 100,000,000 |   28,879,209 |    2,681,485 |    4,683,871 |      417,252
 110,000,000 |   31,525,600 |    2,646,391 |    5,094,531 |      410,660
 120,000,000 |   34,163,229 |    2,637,629 |    5,497,974 |      403,443
 130,000,000 |   36,775,481 |    2,612,252 |    5,894,290 |      396,316
 140,000,000 |   39,364,769 |    2,589,288 |    6,284,527 |      390,237
 150,000,000 |   41,970,731 |    2,605,962 |    6,685,766 |      401,239
 160,000,000 |   44,602,968 |    2,632,237 |    7,096,076 |      410,310
 170,000,000 |   47,240,065 |    2,637,097 |    7,505,718 |      409,642
 180,000,000 |   49,852,981 |    2,612,916 |    7,908,321 |      402,603
 190,000,000 |   52,462,178 |    2,609,197 |    8,299,144 |      390,823
 200,000,000 |   55,104,512 |    2,642,334 |    8,703,543 |      404,399
 210,000,000 |   57,723,740 |    2,619,228 |    9,104,382 |      400,839
 220,000,000 |   60,304,417 |    2,580,677 |    9,477,484 |      373,102
 230,000,000 |   62,882,584 |    2,578,167 |    9,854,076 |      376,592
 240,000,000 |   65,419,944 |    2,537,360 |   10,225,072 |      370,996
 250,000,000 |   67,962,159 |    2,542,215 |   10,601,094 |      376,022
 260,000,000 |   70,497,270 |    2,535,111 |   10,972,583 |      371,489
 270,000,000 |   73,078,456 |    2,581,186 |   11,346,574 |      373,991
 280,000,000 |   75,671,284 |    2,592,828 |   11,731,240 |      384,666
 290,000,000 |   78,277,751 |    2,606,467 |   12,117,879 |      386,639
 300,000,000 |   80,885,596 |    2,607,845 |   12,506,245 |      388,366
 310,000,000 |   83,580,603 |    2,695,007 |   12,928,023 |      421,778
 320,000,000 |   86,381,234 |    2,800,631 |   13,368,060 |      440,037
 330,000,000 |   89,272,596 |    2,891,362 |   13,835,367 |      467,307
 340,000,000 |   92,211,814 |    2,939,218 |   14,305,966 |      470,599
 350,000,000 |   95,166,027 |    2,954,213 |   14,773,829 |      467,863
 360,000,000 |   98,114,943 |    2,948,916 |   15,251,462 |      477,633
 370,000,000 |  101,042,765 |    2,927,822 |   15,722,199 |      470,737
 380,000,000 |  103,984,695 |    2,941,930 |   16,184,141 |      461,942
 390,000,000 |  106,889,885 |    2,905,190 |   16,620,831 |      436,690
 400,000,000 |  109,737,771 |    2,847,886 |   17,040,225 |      419,394
 410,000,000 |  112,538,691 |    2,800,920 |   17,447,274 |      407,049
 420,000,000 |  115,271,615 |    2,732,924 |   17,843,105 |      395,831
 430,000,000 |  117,938,513 |    2,666,898 |   18,232,152 |      389,047
 440,000,000 |  120,599,067 |    2,660,554 |   18,626,815 |      394,663
 450,000,000 |  123,210,129 |    2,611,062 |   19,010,800 |      383,985
 460,000,000 |  125,822,493 |    2,612,364 |   19,387,332 |      376,532
 470,000,000 |  128,421,288 |    2,598,795 |   19,762,712 |      375,380
 480,000,000 |  131,040,983 |    2,619,695 |   20,134,893 |      372,181
 490,000,000 |  133,609,356 |    2,568,373 |   20,500,149 |      365,256
 500,000,000 |  136,141,236 |    2,531,880 |   20,863,462 |      363,313
===========================================================================
最终去重数量: 136,141,236
只出现一次的key数量: 20,863,462
去重比例: 27.23%
单次key占去重数据比例: 15.32%

cluster35:
          行数 |        累计去重数 |        新增去重数 |      累计单次key |      新增单次key
---------------------------------------------------------------------------
  10,000,000 |      770,774 |      770,774 |      203,988 |      203,988
  20,000,000 |    1,521,335 |      750,561 |      402,391 |      198,403
  30,000,000 |    2,240,563 |      719,228 |      601,486 |      199,095
  40,000,000 |    2,928,407 |      687,844 |      803,033 |      201,547
  50,000,000 |    3,608,363 |      679,956 |    1,005,584 |      202,551
  60,000,000 |    4,282,117 |      673,754 |    1,206,523 |      200,939
  70,000,000 |    4,957,666 |      675,549 |    1,411,861 |      205,338
  80,000,000 |    5,632,723 |      675,057 |    1,623,055 |      211,194
  90,000,000 |    6,306,750 |      674,027 |    1,836,641 |      213,586
 100,000,000 |    6,988,116 |      681,366 |    2,057,002 |      220,361
 110,000,000 |    7,671,117 |      683,001 |    2,281,902 |      224,900
 120,000,000 |    8,348,772 |      677,655 |    2,501,502 |      219,600
 130,000,000 |    9,020,887 |      672,115 |    2,716,308 |      214,806
 140,000,000 |    9,685,466 |      664,579 |    2,923,756 |      207,448
 150,000,000 |   10,348,726 |      663,260 |    3,126,433 |      202,677
 160,000,000 |   11,002,957 |      654,231 |    3,324,926 |      198,493
 170,000,000 |   11,658,039 |      655,082 |    3,520,118 |      195,192
 180,000,000 |   12,315,061 |      657,022 |    3,715,018 |      194,900
 190,000,000 |   12,969,930 |      654,869 |    3,909,525 |      194,507
 200,000,000 |   13,626,449 |      656,519 |    4,104,466 |      194,941
 210,000,000 |   14,290,651 |      664,202 |    4,303,256 |      198,790
 220,000,000 |   14,968,561 |      677,910 |    4,503,012 |      199,756
 230,000,000 |   15,669,280 |      700,719 |    4,706,309 |      203,297
 240,000,000 |   16,399,139 |      729,859 |    4,917,665 |      211,356
 250,000,000 |   17,157,767 |      758,628 |    5,128,537 |      210,872
 260,000,000 |   17,925,984 |      768,217 |    5,333,417 |      204,880
 270,000,000 |   18,670,616 |      744,632 |    5,534,856 |      201,439
 280,000,000 |   19,383,179 |      712,563 |    5,737,179 |      202,323
 290,000,000 |   20,065,626 |      682,447 |    5,935,327 |      198,148
 300,000,000 |   20,746,330 |      680,704 |    6,135,315 |      199,988
 310,000,000 |   21,425,881 |      679,551 |    6,340,766 |      205,451
 320,000,000 |   22,108,652 |      682,771 |    6,552,165 |      211,399
 330,000,000 |   22,788,368 |      679,716 |    6,767,614 |      215,449
 340,000,000 |   23,473,868 |      685,500 |    6,991,497 |      223,883
 350,000,000 |   24,160,514 |      686,646 |    7,220,721 |      229,224
 360,000,000 |   24,835,732 |      675,218 |    7,447,299 |      226,578
 370,000,000 |   25,507,448 |      671,716 |    7,667,930 |      220,631
 380,000,000 |   26,182,204 |      674,756 |    7,885,073 |      217,143
 390,000,000 |   26,851,708 |      669,504 |    8,097,227 |      212,154
 400,000,000 |   27,508,490 |      656,782 |    8,299,475 |      202,248
 410,000,000 |   28,150,473 |      641,983 |    8,500,666 |      201,191
 420,000,000 |   28,796,775 |      646,302 |    8,696,611 |      195,945
 430,000,000 |   29,441,097 |      644,322 |    8,892,164 |      195,553
 440,000,000 |   30,087,666 |      646,569 |    9,089,713 |      197,549
 450,000,000 |   30,741,240 |      653,574 |    9,289,564 |      199,851
 460,000,000 |   31,404,340 |      663,100 |    9,492,634 |      203,070
 470,000,000 |   32,084,672 |      680,332 |    9,698,572 |      205,938
 480,000,000 |   32,788,462 |      703,790 |    9,906,687 |      208,115
 490,000,000 |   33,528,237 |      739,775 |   10,119,284 |      212,597
 500,000,000 |   34,304,541 |      776,304 |   10,339,099 |      219,815
===========================================================================
最终去重数量: 34,304,541
只出现一次的key数量: 10,339,099
去重比例: 6.86%
单次key占去重数据比例: 30.14%

cluster25:
          行数 |        累计去重数 |        新增去重数 |      累计单次key |      新增单次key
---------------------------------------------------------------------------
  10,000,000 |      157,397 |      157,397 |        4,717 |        4,717
  20,000,000 |      294,512 |      137,115 |        8,378 |        3,661
  30,000,000 |      400,655 |      106,143 |       11,523 |        3,145
  40,000,000 |      490,931 |       90,276 |       14,412 |        2,889
  50,000,000 |      575,883 |       84,952 |       17,218 |        2,806
  60,000,000 |      657,300 |       81,417 |       19,887 |        2,669
  70,000,000 |      736,854 |       79,554 |       22,430 |        2,543
  80,000,000 |      817,127 |       80,273 |       24,976 |        2,546
  90,000,000 |      896,274 |       79,147 |       27,541 |        2,565
 100,000,000 |      977,101 |       80,827 |       29,990 |        2,449
 110,000,000 |    1,063,146 |       86,045 |       32,563 |        2,573
 120,000,000 |    1,145,903 |       82,757 |       35,214 |        2,651
 130,000,000 |    1,226,514 |       80,611 |       37,829 |        2,615
 140,000,000 |    1,306,461 |       79,947 |       40,409 |        2,580
 150,000,000 |    1,385,927 |       79,466 |       42,537 |        2,128
 160,000,000 |    1,466,853 |       80,926 |       44,885 |        2,348
 170,000,000 |    1,545,723 |       78,870 |       47,181 |        2,296
 180,000,000 |    1,621,677 |       75,954 |       49,259 |        2,078
 190,000,000 |    1,697,088 |       75,411 |       51,354 |        2,095
 200,000,000 |    1,773,661 |       76,573 |       53,315 |        1,961
 210,000,000 |    1,848,575 |       74,914 |       55,173 |        1,858
 220,000,000 |    1,927,106 |       78,531 |       56,986 |        1,813
 230,000,000 |    2,013,625 |       86,519 |       59,265 |        2,279
 240,000,000 |    2,092,888 |       79,263 |       61,124 |        1,859
 250,000,000 |    2,168,295 |       75,407 |       62,891 |        1,767
 260,000,000 |    2,246,810 |       78,515 |       64,654 |        1,763
 270,000,000 |    2,317,082 |       70,272 |       66,349 |        1,695
 280,000,000 |    2,375,047 |       57,965 |       67,756 |        1,407
 290,000,000 |    2,424,330 |       49,283 |       69,279 |        1,523
 300,000,000 |    2,472,268 |       47,938 |       70,691 |        1,412
 310,000,000 |    2,514,872 |       42,604 |       71,947 |        1,256
 320,000,000 |    2,553,153 |       38,281 |       73,289 |        1,342
 330,000,000 |    2,590,342 |       37,189 |       74,618 |        1,329
 340,000,000 |    2,626,573 |       36,231 |       75,855 |        1,237
 350,000,000 |    2,659,756 |       33,183 |       76,863 |        1,008
 360,000,000 |    2,693,072 |       33,316 |       77,951 |        1,088
 370,000,000 |    2,725,041 |       31,969 |       79,044 |        1,093
 380,000,000 |    2,755,263 |       30,222 |       80,021 |          977
 390,000,000 |    2,784,893 |       29,630 |       81,002 |          981
 400,000,000 |    2,815,511 |       30,618 |       81,964 |          962
 410,000,000 |    2,846,485 |       30,974 |       82,951 |          987
 420,000,000 |    2,876,638 |       30,153 |       83,940 |          989
 430,000,000 |    2,907,315 |       30,677 |       84,890 |          950
 440,000,000 |    2,937,048 |       29,733 |       85,861 |          971
 450,000,000 |    2,966,522 |       29,474 |       86,783 |          922
 460,000,000 |    2,995,006 |       28,484 |       87,713 |          930
 470,000,000 |    3,022,004 |       26,998 |       88,492 |          779
 480,000,000 |    3,048,700 |       26,696 |       89,447 |          955
 490,000,000 |    3,074,533 |       25,833 |       90,289 |          842
 500,000,000 |    3,100,014 |       25,481 |       91,152 |          863
===========================================================================
最终去重数量: 3,100,014
只出现一次的key数量: 91,152
去重比例: 0.62%
单次key占去重数据比例: 2.94%

cluster30:
          行数 |        累计去重数 |        新增去重数 |      累计单次key |      新增单次key
---------------------------------------------------------------------------
  10,000,000 |      436,817 |      436,817 |      154,520 |      154,520
  20,000,000 |      633,042 |      196,225 |      175,265 |       20,745
  30,000,000 |      780,639 |      147,597 |      183,458 |        8,193
  40,000,000 |      907,764 |      127,125 |      188,191 |        4,733
  50,000,000 |    1,015,777 |      108,013 |      191,535 |        3,344
  60,000,000 |    1,108,548 |       92,771 |      195,116 |        3,581
  70,000,000 |    1,188,305 |       79,757 |      197,428 |        2,312
  80,000,000 |    1,264,429 |       76,124 |      200,862 |        3,434
  90,000,000 |    1,343,647 |       79,218 |      206,701 |        5,839
 100,000,000 |    1,420,625 |       76,978 |      212,418 |        5,717
 110,000,000 |    1,498,126 |       77,501 |      218,047 |        5,629
 120,000,000 |    1,573,280 |       75,154 |      223,524 |        5,477
 130,000,000 |    1,647,008 |       73,728 |      231,727 |        8,203
 140,000,000 |    1,718,431 |       71,423 |      239,953 |        8,226
 150,000,000 |    1,785,791 |       67,360 |      246,010 |        6,057
 160,000,000 |    1,848,100 |       62,309 |      247,362 |        1,352
 170,000,000 |    1,902,040 |       53,940 |      243,803 |       -3,559
 180,000,000 |    1,949,190 |       47,150 |      237,320 |       -6,483
 190,000,000 |    1,992,346 |       43,156 |      230,451 |       -6,869
 200,000,000 |    2,034,256 |       41,910 |      223,332 |       -7,119
 210,000,000 |    2,076,271 |       42,015 |      216,168 |       -7,164
 220,000,000 |    2,118,609 |       42,338 |      208,813 |       -7,355
 230,000,000 |    2,162,679 |       44,070 |      201,297 |       -7,516
 240,000,000 |    2,209,260 |       46,581 |      193,547 |       -7,750
 250,000,000 |    2,255,872 |       46,612 |      186,076 |       -7,471
 260,000,000 |    2,305,248 |       49,376 |      178,571 |       -7,505
 270,000,000 |    2,356,650 |       51,402 |      171,524 |       -7,047
 280,000,000 |    2,410,634 |       53,984 |      164,936 |       -6,588
 290,000,000 |    2,465,814 |       55,180 |      158,664 |       -6,272
 300,000,000 |    2,523,888 |       58,074 |      153,198 |       -5,466
 310,000,000 |    2,582,190 |       58,302 |      148,686 |       -4,512
 320,000,000 |    2,638,643 |       56,453 |      146,076 |       -2,610
 330,000,000 |    2,692,334 |       53,691 |      145,039 |       -1,037
 340,000,000 |    2,744,879 |       52,545 |      144,881 |         -158
 350,000,000 |    2,797,571 |       52,692 |      144,887 |            6
 360,000,000 |    2,848,600 |       51,029 |      144,883 |           -4
 370,000,000 |    2,898,189 |       49,589 |      144,879 |           -4
 380,000,000 |    2,947,492 |       49,303 |      144,886 |            7
 390,000,000 |    2,996,408 |       48,916 |      144,881 |           -5
 400,000,000 |    3,045,810 |       49,402 |      144,885 |            4
 410,000,000 |    3,096,256 |       50,446 |      144,887 |            2
 420,000,000 |    3,147,445 |       51,189 |      144,880 |           -7
 430,000,000 |    3,199,029 |       51,584 |      144,879 |           -1
 440,000,000 |    3,252,633 |       53,604 |      144,885 |            6
 450,000,000 |    3,305,898 |       53,265 |      144,893 |            8
 460,000,000 |    3,356,125 |       50,227 |      144,883 |          -10
 470,000,000 |    3,405,125 |       49,000 |      144,877 |           -6
 480,000,000 |    3,452,898 |       47,773 |      144,882 |            5
 490,000,000 |    3,500,093 |       47,195 |      144,885 |            3
 500,000,000 |    3,546,432 |       46,339 |      144,878 |           -7
===========================================================================
最终去重数量: 3,546,432
只出现一次的key数量: 144,878
去重比例: 0.71%
单次key占去重数据比例: 4.09%

cluster35:
          行数 |        累计去重数 |        新增去重数 |      累计单次key |      新增单次key
---------------------------------------------------------------------------
  10,000,000 |      770,774 |      770,774 |      203,988 |      203,988
  20,000,000 |    1,521,335 |      750,561 |      402,391 |      198,403
  30,000,000 |    2,240,563 |      719,228 |      601,486 |      199,095
  40,000,000 |    2,928,407 |      687,844 |      803,033 |      201,547
  50,000,000 |    3,608,363 |      679,956 |    1,005,584 |      202,551
  60,000,000 |    4,282,117 |      673,754 |    1,206,523 |      200,939
  70,000,000 |    4,957,666 |      675,549 |    1,411,861 |      205,338
  80,000,000 |    5,632,723 |      675,057 |    1,623,055 |      211,194
  90,000,000 |    6,306,750 |      674,027 |    1,836,641 |      213,586
 100,000,000 |    6,988,116 |      681,366 |    2,057,002 |      220,361
 110,000,000 |    7,671,117 |      683,001 |    2,281,902 |      224,900
 120,000,000 |    8,348,772 |      677,655 |    2,501,502 |      219,600
 130,000,000 |    9,020,887 |      672,115 |    2,716,308 |      214,806
 140,000,000 |    9,685,466 |      664,579 |    2,923,756 |      207,448
 150,000,000 |   10,348,726 |      663,260 |    3,126,433 |      202,677
 160,000,000 |   11,002,957 |      654,231 |    3,324,926 |      198,493
 170,000,000 |   11,658,039 |      655,082 |    3,520,118 |      195,192
 180,000,000 |   12,315,061 |      657,022 |    3,715,018 |      194,900
 190,000,000 |   12,969,930 |      654,869 |    3,909,525 |      194,507
 200,000,000 |   13,626,449 |      656,519 |    4,104,466 |      194,941
 210,000,000 |   14,290,651 |      664,202 |    4,303,256 |      198,790
 220,000,000 |   14,968,561 |      677,910 |    4,503,012 |      199,756
 230,000,000 |   15,669,280 |      700,719 |    4,706,309 |      203,297
 240,000,000 |   16,399,139 |      729,859 |    4,917,665 |      211,356
 250,000,000 |   17,157,767 |      758,628 |    5,128,537 |      210,872
 260,000,000 |   17,925,984 |      768,217 |    5,333,417 |      204,880
 270,000,000 |   18,670,616 |      744,632 |    5,534,856 |      201,439
 280,000,000 |   19,383,179 |      712,563 |    5,737,179 |      202,323
 290,000,000 |   20,065,626 |      682,447 |    5,935,327 |      198,148
 300,000,000 |   20,746,330 |      680,704 |    6,135,315 |      199,988
 310,000,000 |   21,425,881 |      679,551 |    6,340,766 |      205,451
 320,000,000 |   22,108,652 |      682,771 |    6,552,165 |      211,399
 330,000,000 |   22,788,368 |      679,716 |    6,767,614 |      215,449
 340,000,000 |   23,473,868 |      685,500 |    6,991,497 |      223,883
 350,000,000 |   24,160,514 |      686,646 |    7,220,721 |      229,224
 360,000,000 |   24,835,732 |      675,218 |    7,447,299 |      226,578
 370,000,000 |   25,507,448 |      671,716 |    7,667,930 |      220,631
 380,000,000 |   26,182,204 |      674,756 |    7,885,073 |      217,143
 390,000,000 |   26,851,708 |      669,504 |    8,097,227 |      212,154
 400,000,000 |   27,508,490 |      656,782 |    8,299,475 |      202,248
 410,000,000 |   28,150,473 |      641,983 |    8,500,666 |      201,191
 420,000,000 |   28,796,775 |      646,302 |    8,696,611 |      195,945
 430,000,000 |   29,441,097 |      644,322 |    8,892,164 |      195,553
 440,000,000 |   30,087,666 |      646,569 |    9,089,713 |      197,549
 450,000,000 |   30,741,240 |      653,574 |    9,289,564 |      199,851
 460,000,000 |   31,404,340 |      663,100 |    9,492,634 |      203,070
 470,000,000 |   32,084,672 |      680,332 |    9,698,572 |      205,938
 480,000,000 |   32,788,462 |      703,790 |    9,906,687 |      208,115
 490,000,000 |   33,528,237 |      739,775 |   10,119,284 |      212,597
 500,000,000 |   34,304,541 |      776,304 |   10,339,099 |      219,815
===========================================================================
最终去重数量: 34,304,541
只出现一次的key数量: 10,339,099
去重比例: 6.86%
单次key占去重数据比例: 30.14%

cluster40:
          行数 |        累计去重数 |        新增去重数 |      累计单次key |      新增单次key
---------------------------------------------------------------------------
  10,000,000 |    1,868,292 |    1,868,292 |       11,161 |       11,161
  20,000,000 |    3,250,044 |    1,381,752 |       12,504 |        1,343
  30,000,000 |    4,493,948 |    1,243,904 |       13,841 |        1,337
  40,000,000 |    5,660,576 |    1,166,628 |       15,274 |        1,433
  50,000,000 |    6,782,224 |    1,121,648 |       16,876 |        1,602
  60,000,000 |    7,863,736 |    1,081,512 |       18,502 |        1,626
  70,000,000 |    8,912,858 |    1,049,122 |       19,944 |        1,442
  80,000,000 |    9,936,598 |    1,023,740 |       21,455 |        1,511
  90,000,000 |   10,942,277 |    1,005,679 |       22,905 |        1,450
 100,000,000 |   11,930,433 |      988,156 |       24,121 |        1,216
 110,000,000 |   12,900,840 |      970,407 |       25,255 |        1,134
 120,000,000 |   13,857,219 |      956,379 |       26,518 |        1,263
 130,000,000 |   14,807,016 |      949,797 |       27,663 |        1,145
 140,000,000 |   15,740,313 |      933,297 |       28,797 |        1,134
 150,000,000 |   16,660,620 |      920,307 |       29,972 |        1,175
 160,000,000 |   17,565,849 |      905,229 |       30,962 |          990
 170,000,000 |   18,453,635 |      887,786 |       31,897 |          935
 180,000,000 |   19,338,776 |      885,141 |       32,905 |        1,008
 190,000,000 |   20,215,645 |      876,869 |       33,697 |          792
 200,000,000 |   21,090,735 |      875,090 |       34,813 |        1,116
 210,000,000 |   21,961,135 |      870,400 |       35,586 |          773
 220,000,000 |   22,830,424 |      869,289 |       36,419 |          833
 230,000,000 |   23,698,365 |      867,941 |       37,323 |          904
 240,000,000 |   24,567,657 |      869,292 |       38,269 |          946
 250,000,000 |   25,437,469 |      869,812 |       39,110 |          841
 260,000,000 |   26,312,066 |      874,597 |       39,831 |          721
 270,000,000 |   27,178,928 |      866,862 |       40,462 |          631
 280,000,000 |   28,039,830 |      860,902 |       41,142 |          680
 290,000,000 |   28,899,278 |      859,448 |       41,881 |          739
 300,000,000 |   29,754,059 |      854,781 |       42,732 |          851
 310,000,000 |   30,607,619 |      853,560 |       43,507 |          775
 320,000,000 |   31,455,876 |      848,257 |       44,238 |          731
 330,000,000 |   32,299,316 |      843,440 |       44,993 |          755
 340,000,000 |   33,141,449 |      842,133 |       45,877 |          884
 350,000,000 |   33,980,436 |      838,987 |       46,630 |          753
 360,000,000 |   34,817,591 |      837,155 |       47,328 |          698
 370,000,000 |   35,648,268 |      830,677 |       48,116 |          788
 380,000,000 |   36,482,384 |      834,116 |       49,086 |          970
 390,000,000 |   37,312,004 |      829,620 |       49,944 |          858
 400,000,000 |   38,141,965 |      829,961 |       50,565 |          621
 410,000,000 |   38,971,937 |      829,972 |       51,188 |          623
 420,000,000 |   39,797,121 |      825,184 |       51,761 |          573
 430,000,000 |   40,614,111 |      816,990 |       52,241 |          480
 440,000,000 |   41,432,638 |      818,527 |       52,866 |          625
 450,000,000 |   42,244,870 |      812,232 |       53,339 |          473
 460,000,000 |   43,056,890 |      812,020 |       53,874 |          535
 470,000,000 |   43,865,768 |      808,878 |       54,332 |          458
 480,000,000 |   44,666,113 |      800,345 |       54,835 |          503
 490,000,000 |   45,460,139 |      794,026 |       55,227 |          392
 500,000,000 |   46,254,669 |      794,530 |       55,749 |          522
===========================================================================
最终去重数量: 46,254,669
只出现一次的key数量: 55,749
去重比例: 9.25%
单次key占去重数据比例: 0.12%

cluster45:
          行数 |        累计去重数 |        新增去重数 |      累计单次key |      新增单次key
---------------------------------------------------------------------------
  10,000,000 |    4,050,852 |    4,050,852 |    2,036,239 |    2,036,239
  20,000,000 |    7,573,610 |    3,522,758 |    3,856,117 |    1,819,878
  30,000,000 |   10,963,661 |    3,390,051 |    5,512,990 |    1,656,873
  40,000,000 |   14,345,230 |    3,381,569 |    7,004,989 |    1,491,999
  50,000,000 |   17,522,709 |    3,177,479 |    8,481,996 |    1,477,007
  60,000,000 |   20,571,940 |    3,049,231 |    9,851,365 |    1,369,369
  70,000,000 |   23,609,443 |    3,037,503 |   11,201,477 |    1,350,112
  80,000,000 |   26,484,369 |    2,874,926 |   12,379,414 |    1,177,937
  90,000,000 |   29,622,497 |    3,138,128 |   13,627,237 |    1,247,823
 100,000,000 |   32,730,893 |    3,108,396 |   14,821,321 |    1,194,084
 110,000,000 |   35,447,222 |    2,716,329 |   15,847,653 |    1,026,332
 120,000,000 |   38,388,763 |    2,941,541 |   16,992,217 |    1,144,564
 130,000,000 |   41,321,075 |    2,932,312 |   18,138,711 |    1,146,494
 140,000,000 |   43,653,298 |    2,332,223 |   18,840,891 |      702,180
 150,000,000 |   46,024,789 |    2,371,491 |   19,561,583 |      720,692
 160,000,000 |   48,517,004 |    2,492,215 |   20,313,952 |      752,369
 170,000,000 |   51,743,658 |    3,226,654 |   21,192,706 |      878,754
 180,000,000 |   54,871,921 |    3,128,263 |   22,050,472 |      857,766
 190,000,000 |   57,397,745 |    2,525,824 |   22,713,435 |      662,963
 200,000,000 |   59,622,805 |    2,225,060 |   23,181,695 |      468,260
 210,000,000 |   61,930,621 |    2,307,816 |   23,661,032 |      479,337
 220,000,000 |   63,966,979 |    2,036,358 |   24,080,986 |      419,954
===========================================================================
最终去重数量: 65,513,633
只出现一次的key数量: 24,414,617
去重比例: 28.76%
单次key占去重数据比例: 37.27%

cluster51:
          行数 |        累计去重数 |        新增去重数 |      累计单次key |      新增单次key
---------------------------------------------------------------------------
  10,000,000 |      247,782 |      247,782 |       51,941 |       51,941
  20,000,000 |      345,394 |       97,612 |       57,335 |        5,394
  30,000,000 |      411,916 |       66,522 |       57,837 |          502
  40,000,000 |      459,580 |       47,664 |       58,414 |          577
  50,000,000 |      501,415 |       41,835 |       58,629 |          215
  60,000,000 |      538,846 |       37,431 |       59,443 |          814
  70,000,000 |      574,531 |       35,685 |       61,023 |        1,580
  80,000,000 |      610,510 |       35,979 |       62,388 |        1,365
  90,000,000 |      644,524 |       34,014 |       63,728 |        1,340
 100,000,000 |      674,864 |       30,340 |       65,194 |        1,466
 110,000,000 |      704,079 |       29,215 |       67,456 |        2,262
 120,000,000 |      733,251 |       29,172 |       69,549 |        2,093
 130,000,000 |      757,892 |       24,641 |       70,423 |          874
 140,000,000 |      778,179 |       20,287 |       70,836 |          413
 150,000,000 |      796,796 |       18,617 |       71,312 |          476
 160,000,000 |      816,123 |       19,327 |       71,757 |          445
 170,000,000 |      834,552 |       18,429 |       72,214 |          457
 180,000,000 |      851,556 |       17,004 |       72,772 |          558
 190,000,000 |      866,248 |       14,692 |       73,181 |          409
 200,000,000 |      880,518 |       14,270 |       73,643 |          462
 210,000,000 |      895,269 |       14,751 |       74,190 |          547
 220,000,000 |      909,652 |       14,383 |       74,490 |          300
 230,000,000 |      923,920 |       14,268 |       74,802 |          312
 240,000,000 |      937,747 |       13,827 |       75,298 |          496
 250,000,000 |      950,753 |       13,006 |       75,739 |          441
 260,000,000 |      962,754 |       12,001 |       76,018 |          279
 270,000,000 |      974,079 |       11,325 |       76,224 |          206
 280,000,000 |      984,954 |       10,875 |       76,580 |          356
 290,000,000 |      995,391 |       10,437 |       77,020 |          440
 300,000,000 |    1,006,172 |       10,781 |       77,585 |          565
 310,000,000 |    1,018,252 |       12,080 |       78,221 |          636
 320,000,000 |    1,029,652 |       11,400 |       78,823 |          602
 330,000,000 |    1,039,963 |       10,311 |       79,447 |          624
 340,000,000 |    1,050,359 |       10,396 |       80,163 |          716
 350,000,000 |    1,061,602 |       11,243 |       80,811 |          648
 360,000,000 |    1,072,155 |       10,553 |       81,354 |          543
 370,000,000 |    1,081,648 |        9,493 |       81,920 |          566
 380,000,000 |    1,091,866 |       10,218 |       82,521 |          601
 390,000,000 |    1,102,718 |       10,852 |       83,144 |          623
 400,000,000 |    1,112,555 |        9,837 |       83,743 |          599
 410,000,000 |    1,122,056 |        9,501 |       84,373 |          630
 420,000,000 |    1,132,875 |       10,819 |       84,893 |          520
 430,000,000 |    1,143,392 |       10,517 |       85,530 |          637
 440,000,000 |    1,153,118 |        9,726 |       86,160 |          630
 450,000,000 |    1,161,784 |        8,666 |       86,732 |          572
 460,000,000 |    1,170,084 |        8,300 |       87,309 |          577
 470,000,000 |    1,178,298 |        8,214 |       87,887 |          578
 480,000,000 |    1,186,344 |        8,046 |       88,495 |          608
 490,000,000 |    1,194,490 |        8,146 |       89,064 |          569
 500,000,000 |    1,202,604 |        8,114 |       89,597 |          533
===========================================================================
最终去重数量: 1,202,604
只出现一次的key数量: 89,597
去重比例: 0.24%
单次key占去重数据比例: 7.45%

